{
  "cells": [
    {
      "cell_type": "markdown",
      "metadata": {},
      "source": [
        "## **STIR Option Strategy Framework**\n"
      ]
    },
    {
      "cell_type": "markdown",
      "metadata": {},
      "source": [
        "### Option Strategy Selection Framework – STIR Futures\n",
        "This script implements a quantitative framework to support the selection of option strategies on short-term interest rate futures.\n",
        "\n",
        "Starting from a qualitative market view, the code systematically generates and evaluates option structures using payoff-based metrics, numerical sensitivities and simple volatility assumptions.  \n",
        "Rather than optimizing a single trade, the objective is to compare alternative strategies in a consistent way, highlighting trade-offs across cost, risk, and scenario alignment.\n",
        "\n",
        "The framework is applied to two cases:\n",
        "- EURIBOR, focusing on stability and short-volatility strategies,\n",
        "- SONIA, focusing on a directional “one-cut” scenario and maturity selection.\n",
        "\n",
        "**Author:** Alessandra Mattei  \n",
        "**Date:** January 16th, 2026"
      ]
    },
    {
      "cell_type": "code",
      "execution_count": null,
      "metadata": {
        "colab": {
          "base_uri": "https://localhost:8080/"
        },
        "id": "9xhSnEZZ5ed0",
        "outputId": "49eefba6-c496-43b5-86d9-92e5249e959f"
      },
      "outputs": [],
      "source": [
        "import numpy as np\n",
        "import pandas as pd\n",
        "import matplotlib.pyplot as plt\n",
        "from scipy.stats import norm"
      ]
    },
    {
      "cell_type": "markdown",
      "metadata": {},
      "source": [
        "### Market context and assumptions\n"
      ]
    },
    {
      "cell_type": "code",
      "execution_count": null,
      "metadata": {
        "colab": {
          "base_uri": "https://localhost:8080/"
        },
        "id": "-dKfjm9D5lzH",
        "outputId": "64c6659a-23a3-4bc2-84a7-a968a486bc76"
      },
      "outputs": [
        {
          "name": "stdout",
          "output_type": "stream",
          "text": [
            "Market inputs loaded\n"
          ]
        }
      ],
      "source": [
        "# Defined the market context on which the framework will operate.\n",
        "# EURIBOR (Case 1)\n",
        "F_eru = 98.11          # current ERU6 future level\n",
        "target_eru = 98.06     # landing zone center (trader wants max profit if future expires around this zone)\n",
        "T_eru = 11 / 12        # 11 months to expiry (in years for Black76)\n",
        "T_eru_short = 10 / 12  # for roll comparison (proxy)\n",
        "\n",
        "# SONIA (Case 2)\n",
        "F_sonia = 96.16        # current SONIA Z5 future level\n",
        "target_sonia = 96.35   # landing zone for one cut by BoE (that implies higher STIR futures level)\n",
        "T_x5 = 1 / 12          # November expiry \n",
        "T_z5 = 2 / 12          # December expiry\n",
        "\n",
        "r = 0.02  # flat discount rate assumption (neutral reference level)\n",
        "\n",
        "print(\"Market inputs loaded\")"
      ]
    },
    {
      "cell_type": "markdown",
      "metadata": {},
      "source": [
        "### Black-76 Option Pricing"
      ]
    },
    {
      "cell_type": "code",
      "execution_count": null,
      "metadata": {
        "colab": {
          "base_uri": "https://localhost:8080/"
        },
        "id": "A1BntT6y57DG",
        "outputId": "08ebcbe8-1261-44fc-a279-565eaf75ac29"
      },
      "outputs": [
        {
          "name": "stdout",
          "output_type": "stream",
          "text": [
            "Test option price: 7.321\n"
          ]
        }
      ],
      "source": [
        "# Created reusable function for the Black-76 model for European options on futures STIR.\n",
        "\n",
        "def black76_price(F, K, T, sigma, option_type=\"call\", r=r):\n",
        "    \"\"\"\n",
        "    Black-76 price for European options on futures with discount factor DF = exp(-rT).\n",
        "    F : future price\n",
        "    K : strike\n",
        "    T : time to expiry (years)\n",
        "    sigma : annualized vol\n",
        "    option_type : 'call' or 'put'\n",
        "    \"\"\"\n",
        "    if T <= 0:\n",
        "        return max(F - K, 0) if option_type == \"call\" else max(K - F, 0)\n",
        "\n",
        "    DF = np.exp(-r * T)\n",
        "    d1 = (np.log(F / K) + 0.5 * sigma**2 * T) / (sigma * np.sqrt(T))\n",
        "    d2 = d1 - sigma * np.sqrt(T)\n",
        "\n",
        "    if option_type == \"call\":\n",
        "        return DF * (F * norm.cdf(d1) - K * norm.cdf(d2))\n",
        "    else:\n",
        "        return DF * (K * norm.cdf(-d2) - F * norm.cdf(-d1))\n",
        "\n",
        "# Quick test to verify the function works\n",
        "test_price = black76_price(\n",
        "    F=98.11,\n",
        "    K=98.06,\n",
        "    T=11/12,\n",
        "    sigma=0.20,\n",
        "    option_type=\"put\"\n",
        ")\n",
        "print(\"Test option price:\", round(test_price, 4)) "
      ]
    },
    {
      "cell_type": "markdown",
      "metadata": {},
      "source": [
        "### Implied Volatility Proxy"
      ]
    },
    {
      "cell_type": "code",
      "execution_count": null,
      "metadata": {
        "colab": {
          "base_uri": "https://localhost:8080/"
        },
        "id": "PLqMuNV_6qVf",
        "outputId": "edcc69ef-1176-436d-ac68-536fe678b48b"
      },
      "outputs": [
        {
          "name": "stdout",
          "output_type": "stream",
          "text": [
            "Strike 97.93 -> implied vol 0.235\n",
            "Strike 98.06 -> implied vol 0.2\n",
            "Strike 98.18 -> implied vol 0.14\n"
          ]
        }
      ],
      "source": [
        "# Created an implied volatility function since vol surfaces are not provided.\n",
        "# It introduces skew and local distorsion \n",
        "\n",
        "def implied_vol(K, K_atm, vol_atm=0.20, skew=-0.5, special_strike=None, vol_discount=0.03):\n",
        "    \"\"\"\n",
        "    Simple implied vol function with linear skew and optional local distortion.\n",
        "\n",
        "    - vol_atm = 20% is chosen to ensure realistic option prices and comparable risk profiles across strategies.\n",
        "    - skew = -0.5 introduces a downward sloping skew, reflecting the typical shape observed in EURIBOR options \n",
        "      where downside strikes trade at higher implied volatility due to asymmetric risk and hedging demand.\n",
        "    - special_strike allows to impose a local volatility distortion on a specific strike, to mimic market distortion.\n",
        "    - vol_discount = 0.03 represents a moderate but visible distortion, large enough to affect relative strategy pricing without dominating the model.\n",
        "    A minimum volatility floor is enforced to avoid numerical instability and\n",
        "    unrealistic option prices.\n",
        "\n",
        "    \"\"\"\n",
        "    vol = vol_atm + skew * (K - K_atm)\n",
        "    if special_strike is not None and abs(K - special_strike) < 1e-4:\n",
        "        vol = max(vol - vol_discount, 0.01)\n",
        "    return max(vol, 0.01)\n",
        "    # This handles the case where one specific option is unusually cheap because the market is heavily trading it. \n",
        "    # We lower its volatility to reflect this effect and make the model consistent with the case.\n",
        "\n",
        "  # Tested volatility values around EURIBOR target\n",
        "for k in [97.93, 98.06, 98.18]:\n",
        "    v = implied_vol(\n",
        "        K=k,\n",
        "        K_atm=98.06,\n",
        "        vol_atm=0.20,\n",
        "        skew=-0.5,\n",
        "        special_strike=97.93\n",
        "    )\n",
        "    print(f\"Strike {k} -> implied vol {round(v, 3)}\")\n"
      ]
    },
    {
      "cell_type": "markdown",
      "metadata": {},
      "source": [
        "## CASE 1 – EURIBOR: short vol, tight landing zone\n",
        "### Strike Grid (EURIBOR)"
      ]
    },
    {
      "cell_type": "code",
      "execution_count": null,
      "metadata": {
        "colab": {
          "base_uri": "https://localhost:8080/"
        },
        "id": "A-hmS7XU7OD7",
        "outputId": "876b070d-78bb-4312-e00f-ef9d1df24b3e"
      },
      "outputs": [
        {
          "name": "stdout",
          "output_type": "stream",
          "text": [
            "Number of EURIBOR strikes: 52\n",
            "First 5 strikes: [97.8  97.81 97.82 97.83 97.84]\n",
            "Last 5 strikes: [98.27 98.28 98.29 98.3  98.31]\n"
          ]
        }
      ],
      "source": [
        "# Defined the strike interval going from extreme downside to extreme upside scenario with a step of 0.01.\n",
        "low_eru, high_eru, step_eru = 97.80, 98.30, 0.01 # Extreme downside scenario, extreme upside scenario, 0.01 step.\n",
        "strikes_eru = np.round(np.arange(low_eru, high_eru + step_eru, step_eru), 2)\n",
        "\n",
        "print(\"Number of EURIBOR strikes:\", len(strikes_eru))\n",
        "print(\"First 5 strikes:\", strikes_eru[:5])\n",
        "print(\"Last 5 strikes:\", strikes_eru[-5:])\n"
      ]
    },
    {
      "cell_type": "markdown",
      "metadata": {},
      "source": [
        "### Generate Put Fly Universe (EURIBOR)"
      ]
    },
    {
      "cell_type": "code",
      "execution_count": null,
      "metadata": {
        "colab": {
          "base_uri": "https://localhost:8080/"
        },
        "id": "ngVkuGLX7pnT",
        "outputId": "5a4db434-75f2-49ae-969b-aa2365fa4678"
      },
      "outputs": [
        {
          "name": "stdout",
          "output_type": "stream",
          "text": [
            "Generated EURIBOR put flies: 403\n",
            "Example flies: [{'type': 'put_fly', 'K1': np.float64(97.87), 'K2': np.float64(97.92), 'K3': np.float64(97.97)}, {'type': 'put_fly', 'K1': np.float64(97.86), 'K2': np.float64(97.92), 'K3': np.float64(97.98)}, {'type': 'put_fly', 'K1': np.float64(97.85), 'K2': np.float64(97.92), 'K3': np.float64(97.99)}, {'type': 'put_fly', 'K1': np.float64(97.84), 'K2': np.float64(97.92), 'K3': np.float64(98.0)}, {'type': 'put_fly', 'K1': np.float64(97.83), 'K2': np.float64(97.92), 'K3': np.float64(98.01)}]\n"
          ]
        }
      ],
      "source": [
        "# Generated all possible put flies close to the landing zone with realistic widths.\n",
        "\n",
        "flies = [] # Empty list to store put fly strategies\n",
        "\n",
        "# Defined 2 variables for the minimum and maximum wing (= distance between central and lateral strikes).\n",
        "min_wing, max_wing = 0.05, 0.30 # 0.05 = very tight fly (more risk, more concentrated payoff), 0.30 = very wide fly (less risk, larger payoff).\n",
        "\n",
        "# Created a for cycle to iterate over all possible central strikes (K2) within 15bps of the target EURIBOR level.\n",
        "for K2 in strikes_eru:\n",
        "    # Skip strikes that are too far from the target landing zone\n",
        "    if abs(K2 - target_eru) > 0.15:\n",
        "        continue\n",
        "       \n",
        "        # Then, another for cycle iterates over all possible wing spans (from min_wing to max_wing with 1bp step).\n",
        "    for wing in np.round(np.arange(min_wing, max_wing + 0.01, 0.01), 2):\n",
        "        K1 = np.round(K2 - wing, 2)\n",
        "        K3 = np.round(K2 + wing, 2)\n",
        "\n",
        "        if K1 < low_eru or K3 > high_eru:\n",
        "            continue\n",
        "\n",
        "        flies.append({\"type\": \"put_fly\", \"K1\": K1, \"K2\": K2, \"K3\": K3})\n",
        "\n",
        "print(\"Generated EURIBOR put flies:\", len(flies))\n",
        "print(\"Example flies:\", flies[:5])\n"
      ]
    },
    {
      "cell_type": "markdown",
      "metadata": {},
      "source": [
        "### Payoff and Pricing (Put Fly)"
      ]
    },
    {
      "cell_type": "code",
      "execution_count": null,
      "metadata": {
        "id": "HhIoAb9l7vuR"
      },
      "outputs": [],
      "source": [
        "# Defined a payoff function for the put fly strategy with the future price at expiry F_T and teh dictionary strat containing the strikes.\n",
        "# It calculates the payoff in F_T.\n",
        "\n",
        "def payoff_put_fly(F_T, strat):\n",
        "    K1, K2, K3 = strat[\"K1\"], strat[\"K2\"], strat[\"K3\"]\n",
        "    \n",
        "    # long K1 put, short 2 K2 puts, long K3 put\n",
        "    return max(K1 - F_T, 0) - 2 * max(K2 - F_T, 0) + max(K3 - F_T, 0)\n",
        "\n",
        "# Defined a pricing function for the put fly strategy using Black-76 and the implied vol function.\n",
        "# It calculates the price of a put fly strategy by pricing each leg separately and combining them.\n",
        "\n",
        "def price_put_fly(F, strat, T):\n",
        "    K1, K2, K3 = strat[\"K1\"], strat[\"K2\"], strat[\"K3\"]\n",
        "\n",
        "    # Calculated volatilities for each leg.\n",
        "    vol1 = implied_vol(K1, K_atm=target_eru, vol_atm=0.20, skew=-0.5, special_strike=97.93)\n",
        "    vol2 = implied_vol(K2, K_atm=target_eru, vol_atm=0.20, skew=-0.5, special_strike=97.93)\n",
        "    vol3 = implied_vol(K3, K_atm=target_eru, vol_atm=0.20, skew=-0.5, special_strike=97.93)\n",
        "\n",
        "    # Calculated price of each option.\n",
        "    p1 = black76_price(F, K1, T, vol1, \"put\")\n",
        "    p2 = black76_price(F, K2, T, vol2, \"put\")\n",
        "    p3 = black76_price(F, K3, T, vol3, \"put\")\n",
        "\n",
        "    # Total price of the put fly strategy.\n",
        "    return p1 - 2 * p2 + p3\n",
        "\n"
      ]
    },
    {
      "cell_type": "markdown",
      "metadata": {},
      "source": [
        "### Metrics Computation (EURIBOR) - PnL + Theta + Roll"
      ]
    },
    {
      "cell_type": "code",
      "execution_count": null,
      "metadata": {
        "id": "zb4xa47u8fhL"
      },
      "outputs": [],
      "source": [
        "# Created a list of possible prices at expiry from low_eru to high_eru with a step of 0.005.\n",
        "# It simulates all the possible final scenarios of the future.\n",
        "\n",
        "F_grid_eru = np.arange(low_eru, high_eru, 0.005)\n",
        "profit_threshold = 0.125  # 12.5 ticks (from the track)\n",
        "dt = 1 / 52  # 1 week (in years)\n",
        "\n",
        "# Created an empty list to store results for each put fly strategy.\n",
        "results_eru = []\n",
        "\n",
        "# Defined a for cycle to iterate each fly calculating entry cost, PnL, theta proxy and roll favourability proxy.\n",
        "for strat in flies:\n",
        "    # Entry cost.\n",
        "    entry_cost = price_put_fly(F_eru, strat, T_eru)\n",
        "\n",
        "    # Max profit/loss and gain around the target.\n",
        "    payoffs = np.array([payoff_put_fly(F_T, strat) for F_T in F_grid_eru])\n",
        "    pnls = payoffs - entry_cost  # PnL\n",
        "\n",
        "    # Theta proxy (1 week, same spot): how much do I gain from time decay in 1 week?\n",
        "    V_now = price_put_fly(F_eru, strat, T_eru)\n",
        "    V_1w = price_put_fly(F_eru, strat, max(T_eru - dt, 1e-6))\n",
        "    theta_1w = V_now - V_1w  # positive means you earn from time decay\n",
        "\n",
        "    # Roll favourability proxy: it prices the same strategy on a shorter expiry. Its value should be higher.\n",
        "    V_short = price_put_fly(F_eru, strat, T_eru_short)\n",
        "    roll_value = V_short - V_now  # if difference between now vs shorter strategy ispositive => favourable roll\n",
        "\n",
        "    # Created a dictionary with all the metrics.\n",
        "    results_eru.append({\n",
        "        \"K1\": strat[\"K1\"],\n",
        "        \"K2\": strat[\"K2\"],\n",
        "        \"K3\": strat[\"K3\"],\n",
        "        \"entry_cost\": entry_cost,\n",
        "        \"max_profit\": pnls.max(),\n",
        "        \"max_loss\": pnls.min(),\n",
        "        \"pnl_at_target\": payoff_put_fly(target_eru, strat) - entry_cost,\n",
        "        \"profit_zone_width\": np.sum(pnls >= profit_threshold) * 0.005,\n",
        "        \"theta_1w\": theta_1w,\n",
        "        \"roll_value\": roll_value\n",
        "    })\n",
        "\n",
        "# Results list converted into a DataFrame.\n",
        "df_eru = pd.DataFrame(results_eru)"
      ]
    },
    {
      "cell_type": "markdown",
      "metadata": {},
      "source": [
        "### Filtering and Scoring (EURIBOR)"
      ]
    },
    {
      "cell_type": "code",
      "execution_count": null,
      "metadata": {
        "colab": {
          "base_uri": "https://localhost:8080/"
        },
        "id": "v0SVVET38iNR",
        "outputId": "d719cf45-90ac-4a4a-aca7-80d470bc1aab"
      },
      "outputs": [
        {
          "name": "stdout",
          "output_type": "stream",
          "text": [
            "\n",
            "EURIBOR - Top 5 cheapest:\n",
            "        K1     K2     K3  entry_cost  max_profit  max_loss  pnl_at_target  \\\n",
            "306  97.93  98.11  98.29   -1.111781    1.291781  1.111781       1.241781   \n",
            "289  97.93  98.10  98.27   -1.110376    1.280376  1.110376       1.240376   \n",
            "271  97.93  98.09  98.25   -1.108958    1.268958  1.108958       1.238958   \n",
            "252  97.93  98.08  98.23   -1.107547    1.257547  1.107547       1.237547   \n",
            "232  97.93  98.07  98.21   -1.106161    1.246161  1.106161       1.236161   \n",
            "\n",
            "     profit_zone_width  theta_1w  roll_value  \n",
            "306                0.5 -0.011406    0.050421  \n",
            "289                0.5 -0.011367    0.050250  \n",
            "271                0.5 -0.011328    0.050084  \n",
            "252                0.5 -0.011291    0.049924  \n",
            "232                0.5 -0.011255    0.049769  \n",
            "\n",
            "EURIBOR - Top 5 widest profit zone:\n",
            "        K1     K2     K3  entry_cost  max_profit  max_loss  pnl_at_target  \\\n",
            "306  97.93  98.11  98.29   -1.111781    1.291781  1.111781       1.241781   \n",
            "232  97.93  98.07  98.21   -1.106161    1.246161  1.106161       1.236161   \n",
            "252  97.93  98.08  98.23   -1.107547    1.257547  1.107547       1.237547   \n",
            "271  97.93  98.09  98.25   -1.108958    1.268958  1.108958       1.238958   \n",
            "289  97.93  98.10  98.27   -1.110376    1.280376  1.110376       1.240376   \n",
            "\n",
            "     profit_zone_width  theta_1w  roll_value  \n",
            "306                0.5 -0.011406    0.050421  \n",
            "232                0.5 -0.011255    0.049769  \n",
            "252                0.5 -0.011291    0.049924  \n",
            "271                0.5 -0.011328    0.050084  \n",
            "289                0.5 -0.011367    0.050250  \n",
            "\n",
            "EURIBOR - Top 5 max profit:\n",
            "        K1     K2     K3  entry_cost  max_profit  max_loss  pnl_at_target  \\\n",
            "306  97.93  98.11  98.29   -1.111781    1.291781  1.111781       1.241781   \n",
            "289  97.93  98.10  98.27   -1.110376    1.280376  1.110376       1.240376   \n",
            "271  97.93  98.09  98.25   -1.108958    1.268958  1.108958       1.238958   \n",
            "252  97.93  98.08  98.23   -1.107547    1.257547  1.107547       1.237547   \n",
            "232  97.93  98.07  98.21   -1.106161    1.246161  1.106161       1.236161   \n",
            "\n",
            "     profit_zone_width  theta_1w  roll_value  \n",
            "306                0.5 -0.011406    0.050421  \n",
            "289                0.5 -0.011367    0.050250  \n",
            "271                0.5 -0.011328    0.050084  \n",
            "252                0.5 -0.011291    0.049924  \n",
            "232                0.5 -0.011255    0.049769  \n",
            "\n",
            "EURIBOR - Top 5 by score:\n",
            "        K1     K2     K3  entry_cost  max_profit  max_loss  pnl_at_target  \\\n",
            "306  97.93  98.11  98.29   -1.111781    1.291781  1.111781       1.241781   \n",
            "289  97.93  98.10  98.27   -1.110376    1.280376  1.110376       1.240376   \n",
            "271  97.93  98.09  98.25   -1.108958    1.268958  1.108958       1.238958   \n",
            "252  97.93  98.08  98.23   -1.107547    1.257547  1.107547       1.237547   \n",
            "232  97.93  98.07  98.21   -1.106161    1.246161  1.106161       1.236161   \n",
            "\n",
            "     profit_zone_width  theta_1w  roll_value     score  \n",
            "306                0.5 -0.011406    0.050421  4.136791  \n",
            "289                0.5 -0.011367    0.050250  4.132812  \n",
            "271                0.5 -0.011328    0.050084  4.128796  \n",
            "252                0.5 -0.011291    0.049924  4.124803  \n",
            "232                0.5 -0.011255    0.049769  4.120881  \n",
            "\n",
            "Selected top EURIBOR strategy:\n",
            " K1                   97.930000\n",
            "K2                   98.110000\n",
            "K3                   98.290000\n",
            "entry_cost           -1.111781\n",
            "max_profit            1.291781\n",
            "max_loss              1.111781\n",
            "pnl_at_target         1.241781\n",
            "profit_zone_width     0.500000\n",
            "theta_1w             -0.011406\n",
            "roll_value            0.050421\n",
            "score                 4.136791\n",
            "Name: 306, dtype: float64\n"
          ]
        }
      ],
      "source": [
        "\n",
        "# Filtered out non-viable strategies based on criteria.\n",
        "df_eru_filt = df_eru.copy()\n",
        "df_eru_filt = df_eru_filt[df_eru_filt[\"max_loss\"] > -0.5]        # bounded loss filter: max loss less than 50 ticks\n",
        "df_eru_filt = df_eru_filt[df_eru_filt[\"pnl_at_target\"] >= 0]     # keeps only strategies that make money at target\n",
        "\n",
        "# Rankings by single criteria\n",
        "rank_cheapest_eru = df_eru_filt.sort_values(\"entry_cost\").head(10)                          # cheapest strategies\n",
        "rank_widest_eru = df_eru_filt.sort_values(\"profit_zone_width\", ascending=False).head(10)    # widest profit zone (decreasing): which strategy earns on a wider range?\n",
        "rank_maxprofit_eru = df_eru_filt.sort_values(\"max_profit\", ascending=False).head(10)        # maximum profit (decreasing)\n",
        "\n",
        "print(\"\\nEURIBOR - Top 5 cheapest:\")\n",
        "print(rank_cheapest_eru.head(5))\n",
        "\n",
        "print(\"\\nEURIBOR - Top 5 widest profit zone:\")\n",
        "print(rank_widest_eru.head(5))\n",
        "\n",
        "print(\"\\nEURIBOR - Top 5 max profit:\")\n",
        "print(rank_maxprofit_eru.head(5))\n",
        "\n",
        "# Defined a score for each strategy combining metrics with weights choosen by the trader.\n",
        "# It reflects the trader's preferences on low entry cost, profit at target, profit zone width, theta positive and favorable roll, penalizing risk.\n",
        "\n",
        "df_eru_score = df_eru_filt.copy()\n",
        "df_eru_score[\"score\"] = (\n",
        "    - df_eru_score[\"entry_cost\"]\n",
        "    + 2.0 * df_eru_score[\"pnl_at_target\"]\n",
        "    + 1.5 * df_eru_score[\"profit_zone_width\"]\n",
        "    + 1.0 * df_eru_score[\"theta_1w\"]\n",
        "    + 0.5 * df_eru_score[\"roll_value\"]\n",
        "    - 0.2 * abs(df_eru_score[\"max_loss\"])\n",
        ")\n",
        "\n",
        "# Sorted by score descending to get the best strategies on top.\n",
        "df_eru_score = df_eru_score.sort_values(\"score\", ascending=False)\n",
        "\n",
        "print(\"\\nEURIBOR - Top 5 by score:\")\n",
        "print(df_eru_score.head(5))\n",
        "\n",
        "top_eru = df_eru_score.iloc[0]\n",
        "print(\"\\nSelected top EURIBOR strategy:\\n\", top_eru)\n",
        "\n"
      ]
    },
    {
      "cell_type": "markdown",
      "metadata": {},
      "source": [
        "### Payoff Diagram (EURIBOR) - PnL at Expiry"
      ]
    },
    {
      "cell_type": "code",
      "execution_count": null,
      "metadata": {
        "colab": {
          "base_uri": "https://localhost:8080/",
          "height": 410
        },
        "id": "fOk_Cjn48_kX",
        "outputId": "0d87f928-05dc-4581-aec8-901ed22be610"
      },
      "outputs": [
        {
          "data": {
